MK	treat	soil	experiment	Termin_1	Termin_2	Termin_3	Termin_4	Termin_5	Termin_6	Termin_7	Termin_8	Termin_9	Termin_10	Termin_11	Termin_12	Termin_13	Termin_14	Termin_15
1	Lt	Loam	exp1	2142.548888	1888.304837	3435.501281	3589.937788	6487.095457	4390.381111	2366.786159	2032.388383	1651.3806	1309.700371	1223.110966	1302.615456	1087.90089	1174.826814	914.0333368
2	Lt	Loam	exp1	1462.657101	1472.62899	2017.958108	2361.520732	1822.249361	1554.439081	1448.826136	1361.352278	1060.492622	1212.087404	1025.234818	1087.130647	1282.429384	1034.933076	874.0200628
3	Lt	Loam	exp1	1431.398157	1372.641572	1988.321908	2268.382706	1737.670753	1501.11379	1327.551637	1327.350896	1022.461182	1220.87301	1080.076136	1291.22129	1135.339805	1022.06604	878.9467535
4	Lt	Loam	exp1	1286.592169	1485.616008	2220.170597	2568.61867	1802.994404	1580.052725	1414.332193	1358.015355	1147.595876	1198.925655	1175.944805	1207.717019	1060.577772	1025.035112	889.7009741
5	int	Loam	exp1	1640.794213	1677.050024	2363.150642	2283.695736	1728.335001	1531.601685	1397.373625	1412.40299	1118.387157	1264.630601	1107.60444	1156.311512	1095.935454	1015.981916	844.3711397
6	int	Loam	exp1	1759.028819	1722.250702	2652.431603	2159.215509	1778.766065	1455.513925	1366.903747	1401.423739	1038.216836	1278.723476	1116.380209	1159.334148	987.7455591	1176.034586	947.6290266
7	int	Loam	exp1	1565.445888	1694.583983	2308.329812	2178.663041	1781.363399	1538.563519	1451.679798	1428.712164	1113.004327	1277.747345	1083.552431	1125.164706	1030.4149	1012.736702	880.5136018
8	int	Loam	exp1	1464.658929	2099.990256	2925.254584	2607.307125	2249.553613	1735.921649	1642.247432	2003.293207	1384.102378	1495.803244	1107.658525	1115.152256	910.6822412	936.65224	775.0060389
9	Fc	Loam	exp1	1524.889908	1677.728687	2264.199115	1811.625554	1404.858227	1276.045292	1182.719135	1243.495814	976.3355625	1045.047175	910.3793026	979.5323504	837.424486	876.4168759	793.8457905
10	Fc	Loam	exp1	1804.726442	2070.395472	2331.80378	1805.144043	1576.891769	1379.802423	1331.836888	1401.48251	995.4036731	1170.848549	973.8284317	1012.682216	891.6944939	888.0890551	770.0381718
11	Fc	Loam	exp1	1735.72764	2055.424957	2302.112584	1890.352616	1453.140028	1278.671385	1190.835027	1255.338582	908.765195	1070.689233	901.2986015	916.7820361	805.1148929	860.9751657	728.1904641
12	Fc	Loam	exp1	1743.019118	2053.781312	2336.007168	1890.680822	1494.252556	1283.656048	1355.584448	1271.068054	903.2299157	1149.080673	887.7541651	930.8961661	811.7498407	863.4957738	739.7695764
13	C	Loam	exp1	1360.58299	1379.598332	2313.068075	2029.003062	1473.716303	1263.738697	1129.571661	1205.949727	894.682112	1107.763881	997.9336723	995.8742058	929.6851025	954.6019419	752.6794598
14	C	Loam	exp1	1339.799623	1431.040538	2359.401828	2004.207717	1472.857026	1297.241884	1270.15805	1227.130889	930.1794977	1069.220456	931.2165776	996.5083227	878.7259779	882.1499694	717.6262357
15	C	Loam	exp1	1331.479676	1331.547155	2114.298255	2001.705154	1451.939024	1229.503744	1154.272348	1177.021513	902.9419909	1079.966499	945.0217964	1001.822526	935.3740665	935.6625491	762.3132774
16	C	Loam	exp1	1310.159264	1335.39948	2167.58767	1989.360172	1484.850559	1243.843998	1184.300785	1196.268303	908.7186293	1080.96487	1013.053292	976.0429834	870.1477166	857.2093329	692.6111537
17	Lt	Sand	exp1	1109.08274	1448.509369	2324.473557	1921.657009	1806.407863	1300.742276	1254.810117	1230.193099	1044.081222	1125.566247	1105.660974	1015.221136	930.1747873	823.6240022	772.3014775
18	Lt	Sand	exp1	1225.815749	1607.80579	2026.4778	1925.592312	1678.457538	1322.571133	1318.021174	1355.343416	1186.658822	1131.833902	1127.354681	971.8322633	863.1404524	818.680349	670.7524565
19	Lt	Sand	exp1	1083.540883	1645.51429	2126.121359	2109.192966	1648.383164	1345.850945	1243.364794	1144.483088	1156.124291	1229.034276	1157.119176	976.8765424	823.9930738	745.7114386	701.5157691
20	Lt	Sand	exp1	1273.779857	1761.633384	2323.385723	2154.187607	1799.086142	1432.037407	1257.812028	1238.339792	1194.953298	1195.122657	1012.539227	911.0659248	900.6033967	781.4661862	691.9754141
21	int	Sand	exp1	1398.195199	2035.092895	2230.231374	1816.195884	1492.064261	1299.241278	1191.104277	1179.705696	1110.593481	1194.780967	1121.425026	955.0233965	905.4321077	777.9803288	705.8704348
22	int	Sand	exp1	1397.526088	2535.588878	2764.586204	2354.113782	1840.912065	1335.822884	1185.165942	1269.780899	2129.941541	1723.581093	1230.573382	999.8186293	808.6464157	744.8314589	670.1313486
23	int	Sand	exp1	1506.414454	2285.31638	2349.581899	2041.248654	1629.994722	1369.027244	1606.183603	1282.214286	1181.092752	1335.622785	1038.179912	931.3926328	790.5835504	779.1952281	688.401555
24	int	Sand	exp1	1598.580999	2267.978156	2381.057099	1917.973262	1618.960996	1308.390384	1188.067572	1151.129301	1172.461544	1290.847561	1000.467592	889.7365594	837.4965915	765.9946544	777.5096188
25	Fc	Sand	exp1	1817.699074	2319.46228	1929.570764	1540.482201	1245.714581	1056.84445	1012.587125	1076.649024	1139.800044	1318.032879	971.0135438	814.2943701	779.1163093	702.5692108	644.6513396
26	Fc	Sand	exp1	1924.312768	2363.455077	1906.556514	1533.828297	1248.384106	1105.228526	1053.21064	1094.7415	1187.294703	1267.774686	848.7993873	759.2235379	688.4133365	683.5826948	626.8006188
27	Fc	Sand	exp1	1583.722544	2398.155064	1936.340779	1556.582532	1213.869363	1089.556711	1041.657938	1088.615267	1197.473579	1288.78452	888.3358868	788.7174825	732.2810145	648.3783465	590.9917564
28	Fc	Sand	exp1	1803.111783	2242.727672	1887.736006	1526.06326	1227.583712	1075.582692	1041.425536	1152.060146	1393.834788	1234.239263	815.150724	714.2357932	646.9304745	635.6405342	655.9815205
29	C	Sand	exp1	1259.396658	1763.377222	1940.827492	1682.135382	1299.668948	1104.556029	1043.662963	1080.136586	1172.325018	1128.857845	820.8447086	751.8537703	659.1600391	626.9052162	575.8986327
30	C	Sand	exp1	1256.695916	1671.116517	1973.468359	1694.148345	1288.778792	1095.489996	1036.233673	1076.127873	1104.023735	1098.754527	827.4730774	756.3436894	652.4504223	628.5633297	575.1849939
31	C	Sand	exp1	1386.976857	1793.146999	2079.805664	1677.639497	1396.345647	1166.346366	1054.389045	1042.813404	1045.913043	1101.044191	875.6729522	742.2691961	713.5800728	626.7239741	596.837731
32	C	Sand	exp1	1338.433871	1774.548415	2024.737991	1742.374244	1332.843843	1153.560835	1100.678796	1155.629423	1042.273917	1041.071479	787.0397467	735.9281291	657.3454048	682.7629082	564.1892469
33	Lt	Loam	exp2	1736.022837	2066.359286	3347.604193	2789.32654	1982.381837	1644.529593	1502.776942	1492.562611	1189.398698	1122.772844	889.3837182	902.8556267	799.6559038	816.6642576	700.8503084
34	Lt	Loam	exp2	1672.111444	2161.07485	3466.212597	2885.552426	1970.357197	1552.132588	1374.48311	1381.432988	930.3746224	1058.457764	953.1573501	937.8340373	785.6609185	823.4509946	801.1364806
35	Lt	Loam	exp2	1530.61497	2038.74152	3266.156439	2922.746688	1919.669641	1534.544185	1356.716781	1262.575958	1004.635021	1068.29417	935.963776	932.496712	852.2078043	886.084191	758.9169681
36	int	Loam	exp2	1977.409551	2789.017532	3773.816116	2598.784511	1904.397653	1460.442897	1339.835793	1217.150608	955.5534392	1047.865781	867.0508557	928.6066923	803.0099734	852.9702787	748.8604053
37	int	Loam	exp2	2031.584879	3029.670429	3626.405998	2554.426949	1850.743991	1473.532433	1318.149671	1245.208345	996.927165	1002.489745	920.2316578	886.7907507	906.7996367	839.7937206	740.4660316
38	int	Loam	exp2	2097.473597	2715.50123	3789.741604	2559.52853	1855.777292	1475.785827	1399.770608	1330.721192	1010.214294	1021.608448	955.0761418	976.0638654	907.6298417	844.6224056	720.9173267
39	Fc	Loam	exp2	2189.129471	3523.881684	3311.051191	2205.284126	1515.830334	1169.309897	956.2458767	958.8074909	783.0420247	857.4964805	778.390023	763.9732919	684.5251955	727.0567347	664.432036
40	Fc	Loam	exp2	2601.289231	3681.664084	3195.08174	2276.039529	1525.90861	1179.971253	958.1120856	946.0725404	773.9265336	851.2890604	802.722416	757.5643447	699.0876927	743.2658404	663.0040624
41	Fc	Loam	exp2	2656.432877	3753.691713	3468.652141	2333.013154	1604.105965	1128.835982	1008.274184	981.5988852	817.6079761	864.7540858	752.3945109	767.7798518	694.82412	769.2533281	683.1242092
42	C	Loam	exp2	1163.310002	2385.006376	3748.387064	2431.756983	1576.922991	1187.84034	1058.245853	1036.799523	845.8660271	898.4211244	783.7508007	782.7817527	710.6531515	767.7499041	661.5348258
43	C	Loam	exp2	1779.951938	2535.002578	3787.853826	2507.785288	1660.349632	1244.395881	1135.370279	1070.294838	882.82137	902.5941167	886.4078105	830.5901499	759.8401426	805.4212154	693.8930717
44	C	Loam	exp2	1795.574976	2209.940472	3789.997247	2466.239996	1742.142716	1236.820684	1069.265289	986.5706652	857.44896	919.8755075	887.388224	843.0445031	776.3720113	1515.067717	760.7694158
45	Lt	Sand	exp2	1709.725124	3304.968136	2885.38172	2632.510731	2019.585422	1599.486227	1302.461949	1080.850275	868.7935078	941.2693451	862.6644575	792.1089793	795.0789774	761.9064803	612.5241947
46	Lt	Sand	exp2	1883.500563	3296.849558	3045.007846	2529.788452	2274.051162	1596.3949	1269.785831	1024.16421	965.6395225	840.4469978	794.3529162	734.3208926	679.9629609	683.9715591	730.5035721
47	Lt	Sand	exp2	1526.474962	3347.404567	2839.375637	2671.565861	2010.132085	1586.702436	1254.824152	960.78091	884.88458	850.8962059	1005.305468	821.2860837	745.8492417	695.9310496	696.2308375
48	int	Sand	exp2	2098.028179	3997.757103	3407.792853	2786.326376	2485.804501	1530.539911	1163.770739	972.0768081	865.5708737	810.641399	862.8437571	858.906359	806.5891465	706.543144	679.7455781
49	int	Sand	exp2	2413.38755	4119.432505	3363.439741	2658.39304	2012.024635	1394.029957	1110.125445	954.1770934	816.1171038	780.3336125	758.5442037	754.1123406	697.371927	708.0415967	677.430824
50	int	Sand	exp2	2230.596541	4123.135353	3311.851122	2805.099682	2053.471982	1461.823643	1176.121345	890.784465	822.9480282	808.5126312	770.8406457	774.0427412	708.1429797	712.5107099	713.0696056
51	Fc	Sand	exp2	3390.330303	4565.810002	3303.487635	2656.779298	1607.053706	1120.542577	891.3671688	659.3921617	710.0802136	654.3317734	638.9811963	646.596934	670.5382824	756.558387	646.38957
52	Fc	Sand	exp2	3764.24217	4706.593842	3264.223407	2717.159758	1608.616703	1071.361585	854.6041761	638.7550029	697.5100324	726.0523853	857.4654559	823.6069045	689.3560763	763.9149494	621.8919295
53	Fc	Sand	exp2	3673.542708	5745.946783	3281.659266	2569.760938	1617.088084	1107.939753	859.0713995	678.617759	693.5303998	694.9107502	838.1652865	907.9207484	744.242472	634.6180646	599.3320001
54	C	Sand	exp2	2612.429997	4884.923344	3831.076362	2590.107577	1857.841885	1342.810663	923.131358	680.2821243	759.1448255	885.6569976	913.1547665	726.2422588	690.3431855	628.4760568	566.3013987
55	C	Sand	exp2	2516.834372	3852.104283	3150.472826	2601.426116	1845.337668	1199.774534	872.9024269	669.9619683	739.0923083	861.3680303	940.4697878	763.8271004	678.07496	657.3508592	585.0620214
56	C	Sand	exp2	2427.367408	4051.654241	3201.589248	2585.284796	1772.97687	1258.764112	883.4219234	674.6967308	753.7936144	900.0342579	937.3791522	731.8347693	705.5802174	635.2946678	575.6207216
57	blank	NA	NA	395.1010132	462.1947537	377.3847581	415.4435683	384.643363	385.6322566	380.0203614	375.7971592	378.6392797	396.4872251	373.355446	395.9094375	370.1956884	395.337541	388.9323317
58	blank	NA	NA	385.5852748	438.6933769	360.7083995	403.0876312	371.9301097	382.6777337	376.7408742	352.4930803	381.575298	387.1328997	370.344826	398.749178	401.1742232	380.3071788	382.3396346
59	blank	NA	NA	391.7325055	441.3815554	378.8795271	402.2287544	376.670119	381.0234019	377.317203	357.3884646	379.0004019	395.2882187	369.4198691	390.3104957	390.7968824	390.3944686	390.5385223
