MK	treat	soil	experiment	Termin_1	Termin_2 	Termin_3	Termin_4	Termin_5	Termin_6	Termin_7	Termin_8	Termin_9	Termin_10	Termin_11	Termin_12	Termin_13	Termin_14	Termin_15
1	Lt	Loam	exp1	694.91	606.97	567.08	600.25	1234.10	1155.45	873.56	1112.12	1153.05	1223.41	2154.64	1468.49	795.43	1638.42	927.41
2	Lt	Loam	exp1	498.15	515.33	581.57	482.63	465.86	452.80	572.44	530.00	592.54	539.16	534.50	564.61	2657.97	712.82	1175.46
3	Lt	Loam	exp1	641.07	655.93	436.32	418.25	458.75	491.68	535.06	504.46	406.28	432.00	559.50	766.35	1341.65	914.66	992.11
4	Lt	Loam	exp1	550.29	718.69	558.62	595.89	442.84	515.60	565.06	545.08	577.31	538.86	1137.29	1578.99	2267.13	1147.12	901.67
5	int	Loam	exp1	1016.47	584.12	424.40	514.20	631.03	723.74	1107.62	1181.59	1428.44	985.47	698.07	844.43	1567.87	871.10	445.91
6	int	Loam	exp1	1772.59	820.65	511.51	468.09	549.36	557.21	730.88	810.80	1043.29	1006.32	1116.14	1309.53	961.83	731.65	595.55
7	int	Loam	exp1	646.20	490.85	419.83	443.53	474.39	522.15	583.86	560.97	580.47	551.95	611.03	670.81	813.25	689.62	504.66
8	int	Loam	exp1	1076.46	2324.60	2810.63	2004.53	1002.47	498.33	1063.70	3665.20	1249.47	1259.80	717.85	527.92	444.90	365.74	319.47
9	Fc	Loam	exp1	1197.37	721.14	487.29	370.95	311.77	310.41	314.73	331.00	311.85	311.61	310.65	317.18	303.70	313.43	309.39
10	Fc	Loam	exp1	1754.34	639.55	433.38	349.55	316.98	308.91	311.79	308.74	310.42	310.12	304.89	309.32	303.19	314.32	306.45
11	Fc	Loam	exp1	1236.15	572.43	412.82	354.20	309.03	307.63	306.38	309.59	314.65	306.78	309.08	311.39	299.66	311.90	304.48
12	Fc	Loam	exp1	1104.99	640.36	456.67	343.26	306.48	301.92	312.28	308.68	303.28	304.29	305.17	309.33	302.48	311.25	310.27
13	C	Loam	exp1	1790.63	933.66	490.51	362.38	311.11	310.06	313.68	314.96	323.61	308.41	323.37	316.69	307.08	312.18	314.59
14	C	Loam	exp1	1254.17	690.11	455.33	362.05	314.61	310.92	313.89	309.08	312.71	302.50	308.86	313.37	305.50	312.29	310.68
15	C	Loam	exp1	1422.15	806.61	476.86	364.43	304.87	306.27	304.95	311.20	306.08	305.14	305.48	310.85	308.20	309.68	309.12
16	C	Loam	exp1	1145.40	675.94	464.26	363.88	315.80	306.73	312.46	308.88	309.93	306.85	304.79	310.83	307.36	310.43	304.12
17	Lt	Sand	exp1	340.64	358.91	356.19	385.63	395.12	352.08	403.14	460.12	569.18	556.73	645.00	641.49	697.04	717.77	610.17
18	Lt	Sand	exp1	314.82	370.13	343.89	367.55	371.82	337.83	357.80	445.06	511.89	597.81	700.87	688.98	812.58	733.09	400.94
19	Lt	Sand	exp1	334.90	374.29	345.63	352.89	364.40	326.70	337.43	348.09	441.43	598.40	735.22	772.82	697.73	585.26	651.72
20	Lt	Sand	exp1	319.46	396.30	386.52	397.26	391.81	415.02	475.33	549.06	789.86	1073.96	918.44	1100.49	840.16	493.52	433.66
21	int	Sand	exp1	365.76	395.42	362.82	367.96	419.77	412.87	572.52	845.73	839.22	871.98	1053.51	1027.66	748.39	632.26	460.14
22	int	Sand	exp1	445.19	794.04	653.23	465.27	590.85	710.22	2193.11	2785.69	2500.11	2222.70	1702.04	1657.03	1575.77	1811.90	1008.42
23	int	Sand	exp1	335.14	562.64	388.40	354.63	357.76	391.25	443.41	483.67	668.87	773.34	878.76	552.58	568.51	503.37	431.88
24	int	Sand	exp1	338.22	368.24	345.81	364.76	359.79	368.32	530.57	566.19	503.05	721.95	1005.46	848.66	729.11	504.11	409.94
25	Fc	Sand	exp1	335.21	344.56	311.90	310.49	308.32	345.84	406.42	403.89	667.95	722.52	599.40	483.61	389.98	334.97	329.26
26	Fc	Sand	exp1	344.76	342.90	311.25	306.49	299.88	305.01	339.30	345.42	509.72	905.14	735.78	503.51	349.65	323.66	309.25
27	Fc	Sand	exp1	340.12	345.02	309.10	309.81	304.30	328.41	339.06	365.99	531.36	944.29	700.36	499.75	413.34	353.65	318.74
28	Fc	Sand	exp1	324.27	340.85	313.43	307.62	309.68	338.94	336.74	430.23	828.88	1049.84	704.94	540.77	416.29	368.00	338.91
29	C	Sand	exp1	312.33	336.02	308.65	310.62	319.53	331.40	329.10	378.36	580.06	605.20	573.44	531.27	471.90	450.75	402.66
30	C	Sand	exp1	328.17	341.73	313.00	302.65	306.10	307.90	314.68	341.66	455.87	471.30	479.61	490.70	441.98	369.26	322.59
31	C	Sand	exp1	323.12	338.03	308.07	307.67	308.41	319.44	336.00	343.87	554.31	668.31	779.74	675.26	520.90	437.26	345.43
32	C	Sand	exp1	312.71	339.33	311.21	303.94	305.62	302.82	316.03	364.53	583.50	551.49	601.11	471.82	379.59	366.68	327.58
33	Lt	Loam	exp2	2228.35	3766.19	4592.90	2445.75	1838.10	2228.02	2271.30	2271.37	1939.14	1480.13	1093.94	681.21	587.19	498.43	492.89
34	Lt	Loam	exp2	3032.91	4772.68	2539.27	1720.29	1591.54	1980.87	2608.47	2004.28	1160.65	827.36	761.09	715.66	752.83	530.46	597.49
35	Lt	Loam	exp2	2646.78	3601.18	2325.43	1440.73	1443.01	1941.06	2183.79	1758.75	1062.75	747.70	929.73	678.34	847.47	723.35	618.31
36	int	Loam	exp2	6578.90	8344.37	3439.80	1193.88	1089.94	1193.89	1217.04	821.40	693.34	613.71	477.75	461.50	457.97	443.59	534.11
37	int	Loam	exp2	6489.93	8949.37	3410.57	1505.84	1433.72	1953.57	2450.05	1983.08	1237.68	975.00	872.97	681.77	814.92	628.92	563.80
38	int	Loam	exp2	7295.49	8722.82	3282.77	1312.05	1227.65	1722.10	2556.33	2235.57	1521.00	1236.29	1334.78	1066.29	953.56	714.32	593.91
39	Fc	Loam	exp2	6472.35	13639.60	5166.39	1439.41	727.28	645.92	530.36	397.66	333.72	329.55	321.22	319.95	305.92	313.99	315.03
40	Fc	Loam	exp2	7056.30	12930.28	4569.97	1356.92	651.10	583.68	491.61	399.94	332.49	323.10	319.16	312.28	309.93	312.12	310.02
41	Fc	Loam	exp2	10143.98	19141.26	7758.55	1975.47	706.40	632.30	630.45	534.30	403.69	360.65	345.37	335.55	316.45	319.36	313.32
42	C	Loam	exp2	2751.72	7759.10	3682.60	1277.93	711.15	613.45	589.49	428.52	349.24	334.59	326.76	321.69	314.81	317.60	309.36
43	C	Loam	exp2	5422.93	9047.02	4512.52	1556.27	889.44	787.72	700.76	542.59	388.11	364.01	375.08	345.59	331.72	337.25	313.51
44	C	Loam	exp2	2736.86	4003.34	1646.85	701.32	542.93	422.05	367.08	335.00	323.56	320.93	327.94	310.98	310.68	334.91	305.59
45	Lt	Sand	exp2	531.95	782.18	807.71	838.08	1361.58	1337.56	1208.98	999.87	528.26	434.66	464.93	470.70	502.61	491.65	421.50
46	Lt	Sand	exp2	413.96	678.11	1064.69	1099.20	1414.58	1731.10	1608.27	1217.37	711.67	485.58	495.61	433.66	408.15	492.68	547.26
47	Lt	Sand	exp2	587.86	633.65	617.28	807.43	1714.93	1785.69	1697.23	1225.09	781.50	531.13	1151.22	896.87	733.51	638.76	531.85
48	int	Sand	exp2	746.40	762.49	643.13	890.84	2475.47	2733.61	2653.20	1930.80	896.06	541.46	629.67	768.63	860.85	516.65	374.78
49	int	Sand	exp2	457.82	502.62	466.38	459.95	1908.98	2234.62	2678.84	1400.50	616.26	550.48	457.50	385.67	399.88	366.65	352.11
50	int	Sand	exp2	429.11	522.49	579.30	662.89	1336.10	2997.77	2669.63	2096.76	1216.70	816.30	642.82	564.43	481.14	446.23	411.17
51	Fc	Sand	exp2	471.33	401.63	341.87	348.57	4831.30	5953.91	5245.18	2069.11	1240.67	907.31	717.53	656.04	562.48	601.04	467.72
52	Fc	Sand	exp2	566.31	413.92	334.46	362.23	5356.39	6603.52	3843.14	1434.57	795.50	670.49	932.78	1266.99	776.39	1149.72	448.24
53	Fc	Sand	exp2	534.02	428.09	335.95	338.66	5879.82	6518.45	4804.70	1949.08	1017.12	724.70	750.05	1100.64	1501.52	674.15	400.28
54	C	Sand	exp2	446.83	442.08	348.68	355.65	1255.22	2905.23	3139.76	2531.70	1367.98	1659.16	3196.94	3311.03	1540.77	852.72	590.50
55	C	Sand	exp2	503.43	393.79	339.73	353.63	1610.02	2834.61	2230.06	1149.00	860.00	1005.25	2559.79	2715.19	1170.72	696.81	415.94
56	C	Sand	exp2	462.19	398.55	395.20	471.38	1335.29	1640.40	1129.51	643.30	497.47	545.64	1940.41	2159.18	843.08	544.46	360.13
57	blank	NA	NA	302.17	339.17	307.24	302.84	308.50	307.77	316.23	308.89	305.06	310.30	322.21	320.86	305.38	311.77	305.61
58	blank	NA	NA	303.54	341.02	307.25	299.23	314.13	303.91	310.91	309.04	307.15	305.42	307.48	307.05	306.30	305.95	295.44
59	blank	NA	NA	305.90	333.11	304.96	304.57	302.65	300.77	306.08	307.19	308.73	304.97	308.74	302.58	303.39	312.97	299.79
